Preview Destination Location - Average Error: [Greg]
D[0-200]: 318.4879030012985
D[200-400]: 546.1087263226041
D[400-600]: 671.005766702237
D[600-800]: 766.2933413890634
D[800-mais]: 861.6119923453037
---------------
T[0-60]: 123.82524501418824
T[60-120]: 368.06086768312275
T[120-180]: 677.340864604676
T[180-240]: 985.7084334677473
T[240-mais]: 1259.6865949171486
