Preview Destination Location - Average Error: [Vsport]
D[0-200]: 254.49346380469507
D[200-400]: 380.899358500056
D[400-600]: 486.5987004207207
D[600-800]: 566.0050338151708
D[800-mais]: 771.6234764461958
---------------
T[0-60]: 232.56195136868288
T[60-120]: 545.588125898886
T[120-180]: 685.4805970562712
T[180-240]: 757.2953150395296
T[240-mais]: 806.8004810386938
